1.322332401638071087e-01
5.284915419121984925e-01
1.167485126134871321e+00
1.215854794155770247e+00
2.758351011056859647e+00
3.032273329753802038e+00
3.289473159341934849e+00
3.371886334473991109e+00
5.424377660324620543e+00
5.613363235790417072e+00
5.771152705930573390e+00
6.681664899022711879e+00
8.209033600154221233e+00
8.684762380159941841e+00
8.992424993010953216e+00
1.215779964931260793e+01
1.458179059092291574e+01
1.546141542569004557e+01
1.551263760882578069e+01
1.592497345228625605e+01
1.847298136505132149e+01
1.883060772595245069e+01
2.010960678321178818e+01
4.231667178989678746e+01
