2.788602110080435903e-01
5.534405777191060416e-01
1.657236380395939124e+00
1.780714361753741759e+00
2.339321456615417461e+00
2.495550590337395125e+00
2.731461256108334013e+00
3.654146989089066988e+00
3.666575158084065311e+00
3.999885444613191510e+00
4.686969906885043891e+00
5.256999005334532349e+00
5.350111953855704705e+00
5.740593670754533306e+00
6.889192885333312866e+00
7.055555521422169463e+00
7.155978555485404513e+00
7.269786662509239328e+00
8.424319603867488127e+00
1.041676666318190136e+01
1.095841997793707812e+01
1.248449265017025667e+01
1.292102511430663903e+01
1.437596281293868827e+01
1.631183918298873792e+01
2.129395247204654495e+01
2.160979296228106605e+01
2.206364635596509771e+01
4.206261716008844331e+01
4.251187151356811000e+01
