2.871661366401031312e+00
3.643379037046902358e+00
5.462164786526578553e+00
5.928582219929212194e+00
7.108019860856783723e+00
7.890439733068153494e+00
8.268551806602619791e+00
8.379392335552411808e+00
8.864027288790413905e+00
9.480974156994051327e+00
9.567283568516593562e+00
1.005394103930754746e+01
1.194792929736734166e+01
1.241537829251529068e+01
1.244407782334682011e+01
1.437352710194956096e+01
1.609759635576121894e+01
1.672073291166407927e+01
1.707520452866467053e+01
1.708913375316418737e+01
1.747006475835665640e+01
1.842415908012605641e+01
1.952482441440605854e+01
2.194684164249095559e+01
