1.033372709331630057e+00
2.743288751503520473e+00
3.360887329456791139e+00
3.406715185379312949e+00
3.706765811418135215e+00
4.457021473863308714e+00
4.587314419589317183e+00
5.221207696821581479e+00
5.345444728818320002e+00
5.919798187771676545e+00
6.293326421166247187e+00
6.758798013013953998e+00
6.783967714325883414e+00
6.886414121778262398e+00
7.586309356562021655e+00
7.625992449783703719e+00
7.971678424460008294e+00
8.560970910543941770e+00
8.700596806057779631e+00
9.012955898317899894e+00
9.425489928126275174e+00
9.802688992848638705e+00
1.043767232296007030e+01
1.209205785099048569e+01
1.320820370980612601e+01
1.323811461049602123e+01
1.325061929155795681e+01
1.417194118498921007e+01
1.647398794090014462e+01
2.414497411959959905e+01
