7.673318693767194887e-01
1.470999338293084158e+00
1.906492678502789140e+00
2.037542553339173335e+00
2.602021134435426042e+00
3.009549276735374868e+00
3.606884545812261145e+00
3.933737193100979024e+00
4.482329594396976091e+00
5.173969175197705717e+00
6.258740370960154564e+00
6.313173617920481817e+00
6.512447827908854237e+00
7.767827353715683891e+00
8.426878498898703995e+00
9.632639154519475611e+00
1.086057879142279070e+01
1.105779419583133816e+01
1.283925563021315597e+01
1.575149867508538293e+01
1.778908170723115845e+01
1.858673043940630620e+01
1.904519862499489591e+01
1.953957249239312333e+01
