8.928794226199521233e-02
6.953833946025933521e-01
1.317835968311988903e+00
1.972979452856782334e+00
2.641423603366557238e+00
3.437281262902189827e+00
4.120338788217676296e+00
5.290040658460483769e+00
5.321491970359819135e+00
5.557406720648375043e+00
5.671660675591021494e+00
6.718129362139853455e+00
8.347887462945065451e+00
8.867039101358702879e+00
1.038454311215317816e+01
1.042460548206820725e+01
1.137248199978115437e+01
1.148343307048453710e+01
1.161326081547688815e+01
1.431162866165615100e+01
1.467943692849267379e+01
1.576721917947610407e+01
1.628327834530753648e+01
1.643008687380502408e+01
1.692510363143462726e+01
1.749147895353961246e+01
1.832945995297044206e+01
1.879490265119730807e+01
1.939549907502260950e+01
1.954745621908675801e+01
